phi_LOS,f_D,f_D_dot,time
-7078916.97006871,10738.5145838149,-52.0742689361796,2
-7068230.78368461,10686.1863840967,-52.3281997181475,3
-7057597.19076909,10633.5929155219,-52.593468574807,4
-7047016.42492555,10580.7658435404,-52.8270719815046,5
-7036488.75123128,10527.6736942697,-53.0921492706984,6
-7026014.42527538,10474.3259559013,-53.3477383684367,7
-7015593.70233123,10420.7229441535,-53.6030117478222,8
-7005226.83823436,10366.8640968669,-53.8588472865522,9
-6994914.08816827,10312.7500660922,-54.1140307746828,10
-6984655.71918717,10258.3689810969,-54.3810849953443,11
-6974451.96732962,10203.7518575471,-54.6171235498041,12
-6964303.09773864,10148.86959098,-54.8822665670887,13
-6954209.36780801,10093.7299306281,-55.1396603519097,14
-6944171.03370411,10038.3341039009,-55.3958267271519,15
-6934188.35235014,9982.68135397416,-55.6527499267831,16
-6924261.57937332,9926.77297681943,-55.9083771547303,17
-6914390.98249442,9870.59687889554,-56.1760979238898,18
-6904576.79946427,9814.18303015176,-56.413848743774,19
-6894819.29446498,9757.50499928743,-56.6780308643356,20
-6885118.72574921,9700.56871577539,-56.936283512041,21
-6875475.34941258,9643.37633662485,-57.1923791505396,22
-6865889.42246063,9585.9269519588,-57.449384666048,23
-6856361.20005775,9528.22240287904,-57.7045490797609,24
-6846890.94939938,9470.2506583631,-57.9717445159331,25
-6837478.90909025,9412.04030913115,-58.2103492319584,26
-6828125.34127311,9353.56781714316,-58.4724919879809,27
-6818830.5039923,9294.83728080522,-58.7305363379419,28
-6809594.6522258,9235.85176650807,-58.9855142971501,29
-6800418.041962,9176.61026379187,-59.241502716206,30
-6791300.92689339,9117.11506861914,-59.4951951727271,31
-6782243.5724288,9057.35446458869,-59.7606040304527,32
-6773246.2170413,8997.35538749211,-59.9990770965815,33
-6764309.1196888,8937.09735250752,-60.2580349845812,34
-6755432.53704308,8876.58264571801,-60.5147067895159,35
-6746616.72182424,8815.81521883421,-60.7674268838018,36
-6737861.92781164,8754.79401260614,-61.0212062280625,37
-6729168.40612423,8693.52168740612,-61.2723252000287,38
-6720536.41905545,8631.98706878349,-61.5346186226234,39
-6711966.20383382,8570.21522162482,-61.7718471586704,40
-6703458.01503731,8508.18879650906,-62.0264251157641,41
-6695012.1066888,8445.90834851656,-62.2804479924962,42
-6686628.72803249,8383.37865630724,-62.5296922093257,43
-6678308.12936898,8320.59866351075,-62.7799927964807,44
-6670050.55803751,8257.57133147214,-63.0273320386186,45
-6661856.27183879,8194.28619871382,-63.2851327583194,46
-6653725.5055121,8130.76632669382,-63.5198720199987,47
-6645658.50804342,8066.99746868387,-63.7688580099493,48
-6637655.5293007,8002.9787427159,-64.018725967966,49
-6629716.81430043,7938.71500027366,-64.2637424422428,50
-6621842.60646284,7874.20783758629,-64.5071626873687,51
-6614033.15849641,7809.4479664294,-64.7598711568862,52
-6606288.70198972,7744.45650669467,-64.9914597347379,53
-6598609.48002953,7679.22196018882,-65.2345465058461,54
-6590995.7380432,7613.74198633246,-65.4799738563597,55
-6583447.71532693,7548.02271626797,-65.7192700644955,56
-6575965.65208865,7482.0632382771,-65.9594779908657,57
-6568549.78519171,7415.86689694505,-66.1963413320482,58
-6561200.36023433,7349.4249573797,-66.4419395653531,59
-6553917.60373929,7282.75649503432,-66.6684623453766,60
-6546701.75073948,7215.85299980734,-66.9034952269867,61
-6539553.03990748,7148.71083200257,-67.1421678047627,62
-6532471.7031915,7081.3367159795,-67.3741160230711,63
-6525457.97329793,7013.72989357542,-67.6068224040791,64
-6518512.07945968,6945.89383825008,-67.8360553253442,65
-6511634.25856954,6877.82089013979,-68.0729481102899,66
-6504824.73060279,6809.52796674427,-68.2929233955219,67
-6498083.72118691,6741.00941587891,-68.5185508653522,68
-6491411.46067527,6672.26051164139,-68.7489042375237,69
-6484808.17221616,6603.28845911287,-68.9720525285229,70
-6478274.0795169,6534.09269926324,-69.1957598496228,71
-6471809.40271789,6464.67679900303,-69.41590026021,72
-6465414.36848586,6395.03423202876,-69.6425669742748,73
-6459089.18868378,6325.17980207969,-69.854429949075,74
-6452834.07817059,6255.11051319074,-70.0692888889462,75
-6446649.25738533,6184.82078526076,-70.2897279299796,76
-6440534.93919835,6114.31818697881,-70.5025982819498,77
-6434491.33679129,6043.60240706522,-70.7157799135894,78
-6428518.65972458,5972.67706671264,-70.92534035258,79
-6422617.12292123,5901.53680335078,-71.1402633618563,80
-6416786.92852168,5830.19439954776,-71.3424038030207,81
-6411028.27926167,5758.64926001243,-71.5451395353302,82
-6405341.3840537,5686.89520796575,-71.7540520466864,83
-6399726.44400152,5614.94005217776,-71.9551557879895,84
-6394183.66023734,5542.78376418073,-72.1562879970297,85
-6388713.2302471,5470.42999024224,-72.3537739384919,86
-6383315.35570501,5397.87454208825,-72.5554481539875,87
-6377990.22740465,5325.12830035668,-72.7462417315692,88
-6372738.03462656,5252.19277809374,-72.9355222629383,89
-6367558.97315047,5179.06147608999,-73.1313020037487,90
-6362453.23084037,5105.74231010396,-73.3191659860313,91
-6357420.99527356,5032.23556680977,-73.5067432941869,92
-6352462.45037867,4958.5448948862,-73.6906719235703,93
-6347577.7831223,4884.66725637391,-73.877638512291,94
-6342767.17133249,4810.6117898114,-74.0554665625095,95
-6338030.78953863,4736.38179385569,-74.2299959557131,96
-6333368.81881933,4661.97071930114,-74.4110745545477,97
-6328781.4323633,4587.38645603228,-74.5842632688582,98
-6324268.8027269,4512.62963639107,-74.7568196412176,99
-6319831.09883807,4437.70388883259,-74.9257475584745,100
-6315468.49155755,4362.60728052165,-75.0966083109379,101
-6311181.14416204,4287.34739551414,-75.2598850075155,102
-6306969.21520178,4211.92896025721,-75.4184352569282,103
-6302832.86954293,4136.34565884992,-75.583301407285,104
-6298772.26431816,4060.60522477143,-75.7404340784997,105
-6294787.55566884,3984.7086493168,-75.8965754546225,106
-6290878.89614069,3908.65952815581,-76.0491211609915,107
-6287046.43917567,3832.45696501993,-76.2025631358847,108
-6283290.33197816,3756.10719750356,-76.3497675163671,109
-6279610.7159671,3679.61601106636,-76.491186437197,110
-6276007.73837361,3602.97759348527,-76.6384175810963,111
-6272481.53898059,3526.19939302187,-76.7782004633918,112
-6269032.25620946,3449.28277113009,-76.9166218917817,113
-6265660.02493038,3372.23127907608,-77.0514920540154,114
-6262364.97996218,3295.04496819898,-77.1863108770922,115
-6259147.25100282,3217.72895936016,-77.3160088388249,116
-6256006.9612948,3140.28970802296,-77.4392513372004,117
-6252944.2391265,3062.72216829844,-77.5675397245213,118
-6249959.20573996,2985.03338653967,-77.6887817587703,119
-6247051.98065069,2907.22508927621,-77.8082972634584,120
-6244222.67987184,2829.30077884439,-77.9243104318157,121
-6241471.41852238,2751.26134946477,-78.0394293796271,122
-6238798.30748248,2673.11103989463,-78.1503095701337,123
-6236203.45089101,2594.85659147613,-78.2544484185055,124
-6233686.95692933,2516.49396167696,-78.3626297991723,125
-6231248.92723592,2438.02969340887,-78.464268268086,126
-6228889.4613702,2359.46586571727,-78.5638276915997,127
-6226608.65544761,2280.80592259578,-78.6599431214854,128
-6224406.60395765,2202.05148996133,-78.7544326344505,129
-6222283.39779922,2123.20615842659,-78.8453315347433,130
-6220239.12122116,2044.27657805849,-78.9295803681016,131
-6218273.86129248,1965.25992867909,-79.0166493793949,132
-6216387.69913704,1886.16215544567,-79.0977732334286,133
-6214580.71347323,1806.98566380143,-79.1764916442335,134
-6212852.97962978,1727.7338434523,-79.2518203491345,135
-6211204.57071319,1648.4089165926,-79.3249268596992,136
-6209635.55664013,1569.01407306176,-79.3948435308412,137
-6208146.00113653,1489.55550359655,-79.4585694652051,138
-6206735.96934894,1410.03178759478,-79.5237160017714,139
-6205405.52113991,1330.44820902869,-79.5835785660893,140
-6204154.71367639,1250.80746351276,-79.6407455159351,141
-6202983.60079708,1171.11287931912,-79.6945841936395,142
-6201892.23364455,1091.36715252884,-79.7457267902792,143
-6200880.66035158,1011.57329296321,-79.7938595656306,144
-6199948.92365752,931.736694062129,-79.8365989010781,145
-6199097.06617437,851.857483148575,-79.8792109135538,146
-6198325.12594152,771.940232850611,-79.9172502979636,147
-6197633.13806367,691.987877850421,-79.9523550001904,148
-6197021.13437171,612.003691960126,-79.9841858902946,149
-6196489.14366782,531.990703891963,-80.0129880681634,150
-6196037.19169776,451.95197006315,-80.0387338288128,151
-6195665.29993083,371.891766922548,-80.0602031406015,152
-6195373.48805516,291.811875673942,-80.0798912486061,153
-6195161.77191957,211.716135586612,-80.0957400873303,154
-6195030.16425899,131.607660581358,-80.1084750052541,155
-6194978.67457233,51.4896866623312,-80.1179739190266,156
-6195007.30911339,-28.6345410626382,-80.1242277249694,157
-6195116.07102573,-108.761912338436,-80.1273712757975,158
-6195304.96021506,-188.889189324342,-80.1272769859061,159
-6195573.97336736,-269.013152305037,-80.1239629806951,160
-6195923.10395666,-349.130589297973,-80.1174369929358,161
-6196352.34227757,-429.238320913166,-80.1077316151932,162
-6196861.67533056,-509.333052988164,-80.0947320749983,163
-6197451.08647046,-589.41113989614,-80.0780869079754,164
-6198120.55751285,-669.471042391844,-80.0599024957046,165
-6198870.06534123,-749.507828384638,-80.0367859927937,166
-6199699.58429804,-829.518956803717,-80.0111284190789,167
-6200609.08548133,-909.501183290035,-79.9822264863178,168
-6201598.53685311,-989.451371786185,-79.9501884961501,169
-6202667.90311079,-1069.36625767592,-79.9148858897388,170
-6203817.14477372,-1149.24166293163,-79.8754052557051,171
-6205046.22255929,-1229.07778557204,-79.8361226404086,172
-6206355.09060906,-1308.86804976966,-79.7902641976252,173
-6207743.70113001,-1388.61052095145,-79.7424711817876,174
-6209212.00314562,-1468.30201561004,-79.6914946585894,175
-6210759.94258258,-1547.93943695724,-79.6374213472009,176
-6212387.46224023,-1627.51965765283,-79.580220695585,177
-6214094.50009588,-1707.03785564937,-79.5181979965419,178
-6215880.99616797,-1786.49607208837,-79.4582164390013,179
-6217746.88237482,-1865.88620684575,-79.3901347573847,180
-6219692.08918758,-1945.20681276079,-79.3206059150398,181
-6221716.54406905,-2024.45488146786,-79.2480687070638,182
-6223820.17140763,-2103.62733858451,-79.172457116656,183
-6226002.89270215,-2182.72129451577,-79.0939559312537,184
-6228264.62391454,-2261.73121239711,-79.0099178813398,185
-6230605.28491879,-2340.66100424435,-78.9297918472439,186
-6233024.78615349,-2419.50123469997,-78.8402304556221,187
-6235523.03694467,-2498.2507911846,-78.7495564846322,188
-6238099.94389542,-2576.90695075039,-78.656159565784,189
-6240755.41055733,-2655.46666190587,-78.5597111554816,190
-6243489.33789903,-2733.92734170239,-78.4606797965243,191
-6246301.62060618,-2812.28270715475,-78.3553654523566,192
-6249192.1591199,-2890.53851371258,-78.2558065578341,193
-6252160.84335085,-2968.68423095066,-78.145717238076,194
-6255207.56223632,-3046.71888546739,-78.0346545167267,195
-6258332.20241043,-3124.64017411694,-77.9212886495516,196
-6261534.64745913,-3202.44504869822,-77.8048745812848,197
-6264814.77876093,-3280.13130180165,-77.6862531034276,198
-6268172.47066322,-3357.69190229196,-77.5606004903093,199
-6271607.60501796,-3435.13435473107,-77.442452439107,200
-6275120.05234716,-3512.44732920732,-77.3129744762555,201
-6278709.68211721,-3589.62977004331,-77.1824408359826,202
-6282376.36204087,-3666.67992366292,-77.0501536196098,203
-6286119.95677591,-3743.59473503754,-76.9148113746196,204
-6289940.32919096,-3820.37241505645,-76.7776800189167,205
-6293837.33440831,-3897.00521734916,-76.6328022927046,206
-6297810.83666183,-3973.50225351751,-76.4970361683518,207
-6301860.68838114,-4049.85171931423,-76.349465796724,208
-6305986.74062283,-4126.05224168673,-76.2005223724991,209
-6310188.84336301,-4202.1027401844,-76.0504984976724,210
-6314466.84350862,-4278.00014560018,-75.8974054157734,211
-6318820.58662374,-4353.74311512802,-75.7429695278406,212
-6323249.90987076,-4429.32324701827,-75.5801318902522,213
-6327754.66093816,-4504.75106739625,-75.4278203779832,214
-6332334.67559593,-4580.01465777308,-75.2635903768241,215
-6336989.78767092,-4655.11207498424,-75.0974172111601,216
-6341719.83070596,-4730.04303504247,-74.9309600582346,217
-6346524.63514625,-4804.8044402916,-74.7614052491263,218
-6351404.03056346,-4879.39541720785,-74.5909769162536,219
-6356357.83754552,-4953.80698206555,-74.411564857699,220
-6361385.88839804,-5028.05085251667,-74.2438704511151,221
-6366488.00376962,-5102.11537157837,-74.064519061707,222
-6371664.00153541,-5175.99776579533,-73.8823942169547,223
-6376913.70019461,-5249.69865919556,-73.700893400237,224
-6382236.91511748,-5323.21492287517,-73.5162636796013,225
-6387633.46127375,-5396.54615626298,-73.331233387813,226
-6393103.14415934,-5469.68288559839,-73.1367293354124,227
-6398645.78192321,-5542.63776386529,-72.9548782669008,228
-6404261.18170833,-5615.39978511538,-72.7620212500915,229
-6409949.1467905,-5687.96508217789,-72.5652970625088,230
-6415709.48208879,-5760.33529828768,-72.3702161097899,231
-6421541.98934818,-5832.50725939125,-72.171961103566,232
-6427446.47037746,-5904.48102928139,-71.9737698901445,233
-6433422.71713648,-5976.2467590142,-71.7657297328115,234
-6439470.53489079,-6047.81775430776,-71.5709952935576,235
-6445589.71894086,-6119.18405007664,-71.3662957688794,236
-6451780.05937297,-6190.34043210745,-71.1563820308074,237
-6458041.34902454,-6261.28965156991,-70.9492194624618,238
-6464373.37750895,-6332.02848440781,-70.738832837902,239
-6470775.93495123,-6402.55744228605,-70.5289578782395,240
-6477248.80137171,-6472.86642048042,-70.3089781943709,241
-6483791.77044914,-6542.96907742601,-70.1026569455862,242
-6490404.62733088,-6612.8568817433,-69.8878043172881,243
-6497087.15035317,-6682.52302228194,-69.6661405386403,244
-6503839.12178739,-6751.97143422533,-69.448411943391,245
-6510660.32062765,-6821.1988402633,-69.2274060379714,246
-6517550.52680281,-6890.20617515128,-69.0073348879814,247
-6524509.51000915,-6958.98320634104,-68.7770311897621,248
-6531537.05364435,-7027.54363520816,-68.5604288671166,249
-6538632.93438382,-7095.88073946442,-68.3371042562649,250
-6545796.92026482,-7163.98588100262,-68.1051415381953,251
-6553028.78450375,-7231.86423892714,-67.878357924521,252
-6560328.29698897,-7299.51248522196,-67.6482462948188,253
-6567695.22892654,-7366.93193756882,-67.4194523468614,254
-6575129.34129595,-7434.11236941069,-67.1804318418726,255
-6582630.40852081,-7501.06722486019,-66.9548554494977,256
-6590198.20041528,-7567.79189447034,-66.7246696101502,257
-6597832.47632049,-7634.2759052068,-66.484010736458,258
-6605533.0013082,-7700.52498770785,-66.2490825010464,259
-6613299.53977137,-7766.53846316971,-66.013475461863,260
-6621131.84661619,-7832.30684482399,-65.7683816542849,261
-6629029.68953275,-7897.84291656502,-65.5360717410222,262
-6636992.83381668,-7963.14428392798,-65.3013673629612,263
-6645021.0322014,-8028.19838471524,-65.0541007872671,264
-6653114.04498508,-8093.01278368197,-64.8143989667296,265
-6661271.62906832,-8157.58408324327,-64.5712995612994,266
-6669493.5432601,-8221.91419177968,-64.3301085364074,267
-6677779.53652165,-8285.99326155242,-64.0790697727352,268
-6686129.36992653,-8349.83340488002,-63.8401433276013,269
-6694542.80486057,-8413.43493403401,-63.6015291539952,270
-6703019.58782402,-8476.78296345472,-63.3480294207111,271
-6711559.47416536,-8539.88634133805,-63.1033778833225,272
-6720162.21581866,-8602.74165330268,-62.8553119646385,273
-6728827.56687117,-8665.35105250962,-62.6093992069364,274
-6737555.27195579,-8727.70508461539,-62.3540321057662,275
-6746345.08668748,-8789.81473169103,-62.1096470756456,276
-6755196.77001002,-8851.68332253955,-61.8685908485204,277
-6764110.06353338,-8913.29352336191,-61.6102008223534,278
-6773084.71897122,-8974.65543783642,-61.3619144745171,279
-6782120.48463329,-9035.76566206943,-61.1102242330089,280
-6791217.11116605,-9096.62653276324,-60.8608706938103,281
-6800374.34028056,-9157.22911451384,-60.6025817506015,282
-6809591.92327205,-9217.58299148735,-60.3538769735023,283
-6818869.61800269,-9277.69473064132,-60.1117391539738,284
-6828207.16248469,-9337.5444820011,-59.8497513597831,285
-6837604.30602884,-9397.14354414307,-59.5990621419623,286
-6847060.79458103,-9456.48855218943,-59.3450080463663,287
-6856576.37655132,-9515.58197029587,-59.0934181064367,288
-6866150.79205135,-9574.41550003085,-58.833529734984,289
-6875783.78913436,-9632.9970830055,-58.5815829746425,290
-6885475.12583416,-9691.33669979963,-58.3396167941391,291
-6895224.53778976,-9749.41195559688,-58.0752557972446,292
-6905031.77304768,-9807.23525792174,-57.8233023248613,293
-6914896.5763734,-9864.80332572293,-57.568067801185,294
-6924818.69505903,-9922.11868563294,-57.3153599100187,295
-6934797.86884167,-9979.17378263362,-57.0550970006734,296
-6944833.84354783,-10035.9747061674,-56.8009235337377,297
-6954926.37851484,-10092.5349670025,-56.5602608351037,298
-6965075.20816727,-10148.8296524296,-56.2946854270995,299
-6975280.08033091,-10204.8721636413,-56.0425112117082,300
-6985540.73968177,-10260.659350859,-55.7871872177348,301
-6995856.93342192,-10316.193740149,-55.5343892900273,302
-7006228.40204658,-10371.4686246691,-55.2748845200986,303
-7016654.89007872,-10426.488032138,-55.0194074688479,304
-7027136.1592528,-10481.2691740794,-54.7811419414356,305
