phi_LOS,f_D,f_D_dot,time
-6042649.99777842,11334.0721470509,-64.0558560499921,2
-6031380.35307914,11269.6446992811,-64.4274477697909,3
-6020175.50797206,11204.8451070832,-64.7995921978727,4
-6009035.83545389,11139.6725181639,-65.1725889192894,5
-5997961.69748562,11074.137968271,-65.53454989288,6
-5986953.48989229,11008.207593332,-65.9303749389946,7
-5976011.57638941,10941.9135028794,-66.294090452604,8
-5965136.33131628,10875.2450731313,-66.6684297481552,9
-5954328.12989741,10808.2014188711,-67.0436542602256,10
-5943587.34755734,10740.7823400684,-67.4190788026899,11
-5932914.36008762,10672.9874697151,-67.7948703533038,12
-5922309.54352742,10604.8165602013,-68.1709095137194,13
-5911773.27420963,10536.2693177881,-68.5472424132749,14
-5901305.92844022,10467.3457694156,-68.9235483724624,15
-5890907.8835468,10398.0448934175,-69.3008759981021,16
-5880579.50508921,10328.3784575947,-69.6664358228445,17
-5870321.19015355,10258.3149356553,-70.0635219393298,18
-5860133.30667754,10187.8834760068,-70.4314596485347,19
-5850016.23047647,10117.076201072,-70.8072749348357,20
-5839970.33856019,10045.8919162778,-71.1842847941443,21
-5829996.00746112,9974.33109907527,-71.5608172025532,22
-5820093.61365503,9902.39380609244,-71.9372929828241,23
-5810263.53335301,9830.08030201402,-72.3135040784255,24
-5800506.1426018,9757.39075121097,-72.6895508030429,25
-5790821.8168009,9684.32580090687,-73.0649503041059,26
-5781210.93227665,9610.88452424016,-73.4412766667083,27
-5771673.85320721,9537.07906944491,-73.8054547952488,28
-5762210.9723132,9462.88089401368,-74.1981754312292,29
-5752822.65634642,9388.31596677471,-74.564927238971,30
-5743509.27710729,9313.37923912704,-74.9367276476696,31
-5734271.20775461,9238.06935268268,-75.30988644436,32
-5725108.82023243,9162.38752218429,-75.6818304983899,33
-5716022.48588097,9086.33435145952,-76.0531707247719,34
-5707012.57531992,9009.91056105029,-76.4237904092297,35
-5698079.45794025,8933.11737967189,-76.7931813783944,36
-5689223.50375391,8855.95418633614,-77.1631933357567,37
-5680445.07055189,8778.43320202176,-77.5209843143821,38
-5671744.54149032,8700.52906157076,-77.9041404509917,39
-5663122.27672518,8622.26476513594,-78.2642964348197,40
-5654578.63890275,8543.63782242686,-78.6269427090883,41
-5646113.99203152,8464.64687123336,-78.9909511934966,42
-5637728.69817541,8385.29385610856,-79.3530151247978,43
-5629423.11829216,8305.57988325413,-79.713972854428,44
-5621197.61188571,8225.50640645344,-80.0734768006951,45
-5613052.5371636,8145.07472210377,-80.4316843496636,46
-5604988.25040409,8064.28675950877,-80.7879625950009,47
-5597005.10797157,7983.14243252575,-81.1443269830197,48
-5589103.45416797,7901.65380360093,-81.4886289248243,49
-5581283.65479078,7819.79937718436,-81.8544264165685,50
-5573546.05587048,7737.59892030526,-82.2004568791017,51
-5565891.00323308,7655.05263739452,-82.5462829107419,52
-5558318.84387732,7572.15935575776,-82.8932816367596,53
-5550829.92204684,7488.92183047906,-83.2375252787024,54
-5543424.58021862,7405.34182822146,-83.5800022576004,55
-5536103.15871341,7321.42150521185,-83.9203230096027,56
-5528865.99585214,7237.16286126897,-84.2586439428851,57
-5521713.42732337,7152.56852876954,-84.5943324994296,58
-5514645.78818856,7067.63913481403,-84.9293939555064,59
-5507663.40182613,6982.38636242785,-85.2527723861858,60
-5500766.60897667,6896.79284945969,-85.5935129681602,61
-5493955.7336991,6810.87527757231,-85.9175718873739,62
-5487231.09738615,6724.63631294668,-86.2389646256343,63
-5480593.02221534,6638.07517081499,-86.5611421316862,64
-5474041.82680042,6551.19541492127,-86.8797558937222,65
-5467577.82728515,6463.99951526988,-87.1958996513858,66
-5461201.33692298,6376.49036216363,-87.5091531062499,67
-5454912.66623324,6288.67068974487,-87.8196724187583,68
-5448712.12239885,6200.5438343836,-88.1268553612754,69
-5442600.01113538,6112.11126347631,-88.4325709072873,70
-5436576.62703106,6023.38410431519,-88.7271591611207,71
-5430642.27780422,5934.34922684636,-89.0348774688318,72
-5424797.25732111,5845.0204831101,-89.3287437362596,73
-5419041.85467022,5755.40265088715,-89.6178322229534,74
-5413376.35912824,5665.49554197956,-89.9071089075878,75
-5407801.0556573,5575.30347094033,-90.1920710392296,76
-5402316.22602201,5484.82963528577,-90.4738356545568,77
-5396922.14837269,5394.07764932234,-90.751985963434,78
-5391619.09738955,5303.05098313838,-91.026666183956,79
-5386407.34374199,5211.75364756398,-91.2973355744034,80
-5381287.15572641,5120.18801558111,-91.5656319828704,81
-5376258.79121706,5028.36450935248,-91.8235062286258,82
-5371322.51703374,4936.27418331522,-92.0903260372579,83
-5366478.58863723,4843.92839650717,-92.3457868080586,84
-5361727.25505557,4751.33358166739,-92.5948148397729,85
-5357068.76472226,4658.49033330195,-92.8432483654469,86
-5352503.361094,4565.40362825897,-93.0867050429806,87
-5348031.28372925,4472.07736475114,-93.3262635078281,88
-5343652.76789484,4378.51583440881,-93.5615303423256,89
-5339368.04468778,4284.72320706211,-93.7926273467019,90
-5335177.34058792,4190.70409986284,-94.019107199274,91
-5331080.87878635,4096.46180157084,-94.2422982919961,92
-5327078.87289051,4002.00589583907,-94.4559057317674,93
-5323171.54147164,3907.33141887188,-94.6744769671932,94
-5319359.09382639,3812.44764524978,-94.883773622103,95
-5315641.73171916,3717.36210722476,-95.0855380250141,96
-5312019.65538081,3622.0763383545,-95.2857688702643,97
-5308493.05953914,3526.59584166389,-95.4804966906086,98
-5305062.13438359,3430.92515555769,-95.6706861061975,99
-5301727.06522379,3335.0691597946,-95.8559957630932,100
-5298488.03258799,3239.03263580147,-96.036523993127,101
-5295345.21188046,3142.82070752792,-96.2119282735512,102
-5292298.77435969,3046.43752077222,-96.3831867557019,103
-5289348.88264724,2949.8917124467,-96.5458083255216,104
-5286495.70069856,2853.18194868322,-96.7097637634724,105
-5283739.38482066,2756.31587790325,-96.8660707799718,106
-5281080.08332285,2659.30149781145,-97.0143800918013,107
-5278517.94192387,2562.14139897749,-97.1600988339633,108
-5276053.10049047,2464.84143339563,-97.2999655818567,109
-5273685.69380784,2367.40668263659,-97.4347507590428,110
-5271415.85136817,2269.84243966825,-97.5642429683357,111
-5269243.69721692,2172.15415124875,-97.6882884195074,112
-5267169.35056982,2074.34664710145,-97.8075041472912,113
-5265192.92294868,1976.42762113921,-97.919025962241,114
-5263314.52432453,1878.39862415381,-98.0289969854057,115
-5261534.2580653,1780.26625922509,-98.1323649287224,116
-5259852.2197284,1682.03833689541,-98.2279223296791,117
-5258268.50124823,1583.7184801735,-98.3198567219079,118
-5256783.18856242,1485.3126858091,-98.4057943644002,119
-5255396.36218117,1386.8263812568,-98.4863045522943,120
-5254108.09699869,1288.26518247556,-98.5611987812445,121
-5252918.46233657,1189.6346621206,-98.6305203549564,122
-5251827.52183433,1090.94050224312,-98.6941598774865,123
-5250835.33371474,992.188119582832,-98.7523826602846,124
-5249941.94961174,893.384103005752,-98.8040165770799,125
-5249147.41699961,794.532612128183,-98.8514908775687,126
-5248451.7774054,695.639594208449,-98.8930179197341,127
-5247855.0654372,596.711968201213,-98.9276260072365,128
-5247357.31091317,497.754524029791,-98.9574441714212,129
-5246958.53771594,398.773197232746,-98.9813267970458,130
-5246658.76406857,299.773647369817,-98.9995498629287,131
-5246458.00245087,200.761617699638,-99.0120296701789,132
-5246356.25961003,101.742840841413,-99.0187768582255,133
-5246353.53658015,2.72302987333387,-99.0198109680787,134
-5246449.82858991,-96.2920097541064,-99.0150396274403,135
-5246645.12543241,-195.296842508018,-99.0048327539116,136
-5246939.4107991,-294.285366689786,-98.9885241817683,137
-5247332.66255742,-393.251758313738,-98.9663916239515,138
-5247824.85327799,-492.190720572136,-98.9389622583985,139
-5248415.9495761,-591.096298112534,-98.9055775403976,140
-5249105.91242076,-689.962844657712,-98.8665465451777,141
-5249894.69707132,-788.784650555812,-98.8218058981001,142
-5250782.2531166,-887.556045278907,-98.771394723095,143
-5251768.52445076,-986.271334164776,-98.7152888858691,144
-5252853.44940623,-1084.92495546583,-98.653621301055,145
-5254036.96034963,-1183.51094340533,-98.5859879394993,146
-5255318.98538309,-1282.0250334572,-98.5140900518745,147
-5256699.44528052,-1380.45989743248,-98.4348639752716,148
-5258178.25458197,-1478.80930144992,-98.349404017441,149
-5259755.32484571,-1577.07026374247,-98.260962292552,150
-5261430.5605479,-1675.23570218217,-98.165438439697,151
-5263203.86102065,-1773.30047275405,-98.0647705718875,152
-5265075.12002342,-1871.2590027703,-97.9585300162435,153
-5267044.22590752,-1969.10588410217,-97.8468813318759,154
-5269111.06156283,-2066.83565530833,-97.7297712061554,155
-5271275.5046477,-2164.44308486953,-97.6074295612052,156
-5273537.426918,-2261.92227030359,-97.4791854340583,157
-5275896.69701996,-2359.27010195795,-97.3478316543624,158
-5278353.17577648,-2456.47875652183,-97.208654563874,159
-5280906.71684535,-2553.54106886405,-97.0623123422265,160
-5283557.17383604,-2650.45699069463,-96.9159218305722,161
-5286304.39221278,-2747.21837674268,-96.7613860480487,162
-5289148.21298472,-2843.82077193819,-96.602395195514,163
-5292088.47189963,-2940.2589149056,-96.4381429674104,164
-5295124.99973128,-3036.52783165593,-96.2689167503268,165
-5298257.62219604,-3132.62246475741,-96.0946331014857,166
-5301486.1602644,-3228.53806835413,-95.9156035967171,167
-5304810.42928622,-3324.26902182866,-95.7309534745291,168
-5308230.2425955,-3419.81330927461,-95.544287445955,169
-5311745.40591529,-3515.16331979074,-95.350010516122,170
-5315355.71636805,-3610.31045275647,-95.1471329657361,171
-5319060.97448617,-3705.25811812654,-94.9476653700694,172
-5322860.97168476,-3799.99719859008,-94.7390804635361,173
-5326755.49573923,-3894.52405446861,-94.5268558785319,174
-5330744.32964456,-3988.83390532527,-94.3098508566618,175
-5334827.25192031,-4082.92227575276,-94.0883704274893,176
-5339004.03686191,-4176.78494160064,-93.8626658478752,177
-5343274.45357083,-4270.41670891829,-93.6317673176527,178
-5347638.27003558,-4363.81646474823,-93.3997558299452,179
-5352095.24740454,-4456.97736895829,-93.1609042100608,180
-5356645.13650768,-4549.88910314813,-92.9117341898382,181
-5361287.69507919,-4642.5585715035,-92.6694683553651,182
-5366022.67093896,-4734.97585977614,-92.4172882726416,183
-5370849.80909139,-4827.13815242518,-92.1622926490381,184
-5375768.85026042,-4919.0411690278,-91.9030166026205,185
-5380779.53138032,-5010.68111990765,-91.6399508798495,186
-5385881.58546481,-5102.05408448353,-91.3729645758867,187
-5391074.74200977,-5193.15654496755,-91.1024604840204,188
-5396358.72592006,-5283.98391028214,-90.827365314588,189
-5401733.26184548,-5374.53592542466,-90.5520151425153,190
-5407198.06900621,-5464.80716073234,-90.2712353076786,191
-5412752.85400801,-5554.78500179201,-89.9778410596773,192
-5418397.33445669,-5644.48044868652,-89.6954468945041,193
-5424131.21728628,-5733.8828295907,-89.4023809041828,194
-5429954.20753148,-5822.99024519417,-89.1074156034738,195
-5435866.00659826,-5911.79906678014,-88.8088215859607,196
-5441866.31282817,-6000.30622990988,-88.5071631297469,197
-5447954.82135594,-6088.50852776784,-88.2022978579625,198
-5454131.22451484,-6176.40315890498,-87.8946311371401,199
-5460395.2107678,-6263.98625295516,-87.5830940501764,200
-5466746.4690117,-6351.25824390166,-87.271990946494,201
-5473184.68462061,-6438.21560890973,-86.9573650080711,202
-5479709.5276918,-6524.8430711953,-86.6274622855708,203
-5486320.68353333,-6611.15584152378,-86.3127703284845,204
-5493017.82616492,-6697.14263159595,-85.9867900721729,205
-5499800.62858587,-6782.80242094584,-85.6597893498838,206
-5506668.76086148,-6868.13227561675,-85.329854670912,207
-5513621.89073659,-6953.1298751086,-84.9975994918495,208
-5520659.68348294,-7037.79274635203,-84.6628712434322,209
-5527781.80229347,-7122.11881052703,-84.3260641749948,210
-5534987.90727679,-7206.10498331673,-83.9861727897078,211
-5542277.65946526,-7289.75218847301,-83.6472051562741,212
-5549650.71867334,-7373.05920807831,-83.3070196053013,213
-5557106.72648768,-7456.00781433936,-82.9486062610522,214
-5564645.34387545,-7538.61738776974,-82.6095734303817,215
-5572266.22006883,-7620.87619337626,-82.2588056065142,216
-5579969.00405438,-7702.78398555703,-81.9077921807766,217
-5587753.342595,-7784.33854061551,-81.5545550584793,218
-5595618.88085428,-7865.53825928085,-81.1997186653316,219
-5603565.26224339,-7946.38138910942,-80.8431298285723,220
-5611592.12878267,-8026.86653928552,-80.4851501761004,221
-5619699.12022278,-8106.99144010339,-80.1249008178711,222
-5627885.87752369,-8186.75730091147,-79.7658608080819,223
-5636152.04300929,-8266.1654856028,-79.4081846913323,224
-5644497.23763729,-8345.19462800305,-79.0291424002498,225
-5652921.10571996,-8423.86808266211,-78.6734546590596,226
-5661423.27958954,-8502.17386958469,-78.305786922574,227
-5670003.39194819,-8580.11235864554,-77.938489060849,228
-5678661.07397839,-8657.68203020282,-77.5696715572849,229
-5687395.95592687,-8734.88194847852,-77.199918275699,230
-5696207.66697231,-8811.71104544401,-76.8290969654918,231
-5705095.8355245,-8888.1685521882,-76.4575067441911,232
-5714060.08852709,-8964.25300258491,-76.0844503967091,233
-5723100.05421969,-9039.96569260117,-75.7126900162548,234
-5732215.36496001,-9115.31074031908,-75.345047717914,235
-5741405.62851699,-9190.26355698705,-74.9528166679665,236
-5750670.4796448,-9264.85112781171,-74.5875708246604,237
-5760009.54111243,-9339.06146762986,-74.2103398181498,238
-5769422.43648044,-9412.89536800608,-73.833900376223,239
-5778908.7884598,-9486.35197936278,-73.456611356698,240
-5788468.21941385,-9559.43095404375,-73.0789746809751,241
-5798100.35125586,-9632.13184201065,-72.7008879669011,242
-5807804.80567703,-9704.45442116912,-72.32257915847,243
-5817581.20366659,-9776.39798956178,-71.9435683926567,244
-5827429.16741231,-9847.96374572441,-71.5657561626285,245
-5837348.32602965,-9919.15861733444,-71.1948716100305,246
-5847338.28086551,-9989.9548358582,-70.7962185237557,247
-5857398.66340541,-10060.3825399,-70.4277040418237,248
-5867529.09342588,-10130.4300204702,-70.0474805701524,249
-5877729.19168366,-10200.0982577801,-69.6682373099029,250
-5887998.57872333,-10269.3870396782,-69.2887818980962,251
-5898336.8752172,-10338.2964938637,-68.9094541855156,252
-5908743.70201004,-10406.8267928446,-68.5302989808843,253
-5919218.6798958,-10474.9778857594,-68.1510929148644,254
-5929761.43064238,-10542.7507465826,-67.7728608231992,255
-5940371.58545744,-10610.1548150536,-67.4040684709325,256
-5951048.74503651,-10677.1595790712,-67.004764017649,257
-5961792.54255479,-10743.7975182813,-66.6379392100498,258
-5972602.60002571,-10810.0574709149,-66.2599526336417,259
-5983478.54038494,-10875.9403592385,-65.8828883236274,260
-5994419.98689397,-10941.4465090241,-65.5061497855932,261
-6005426.56332809,-11006.5764341224,-65.1299250982702,262
-6016497.89397654,-11071.3306484548,-64.754214332439,263
-6027633.60369664,-11135.7097200984,-64.379071643576,264
-6038833.3179222,-11199.7142255576,-64.0045054592192,265
-6050096.66270666,-11263.344784461,-63.6305589033291,266
-6061423.27615894,-11326.6134522762,-63.2686678152531,267
-6072812.76315629,-11389.4869973473,-62.8735450711101,268
-6084264.7629394,-11451.9997831192,-62.5127857718617,269
-6095778.9045596,-11514.1416201955,-62.141837076284,270
-6107354.81766056,-11575.9131009597,-61.7714807642624,271
-6118992.13277673,-11637.3151161689,-61.402015209198,272
-6130690.48126329,-11698.3484865585,-61.0333703896031,273
-6142449.49537065,-11759.0141073633,-60.6656208047643,274
-6154268.80820591,-11819.3128352612,-60.2987278979272,275
-6166148.05399659,-11879.2457906753,-59.9329554140568,276
-6178086.8671641,-11938.8131675115,-59.567376836203,277
-6190084.89655935,-11998.0293952469,-59.2162277353927,278
-6202141.7555062,-12056.8589468589,-58.829551612027,279
-6214257.09277047,-12115.3372642696,-58.4783174106851,280
-6226430.54833822,-12173.4555677455,-58.1183034759015,281
-6238661.76215717,-12231.2138189487,-57.7582512032241,282
